WTF
Generating file list...
Inside GDMatrix
Printing Image:
0.298 0.329 0.322 0.322 0.337 0.322 0.733 0.757 0.745 0.635 0.647 0.639 0.733 0.749 0.725 0.753 
0.286 0.333 0.341 0.200 0.192 0.157 0.678 0.702 0.682 0.537 0.569 0.569 0.447 0.475 0.447 0.737 
0.349 0.408 0.392 0.843 0.867 0.831 0.576 0.580 0.573 0.471 0.510 0.510 0.361 0.447 0.475 0.094 
0.294 0.341 0.349 0.780 0.824 0.792 0.710 0.745 0.733 0.125 0.184 0.161 0.082 0.153 0.184 0.200 
0.235 0.341 0.412 0.373 0.635 0.965 0.424 0.635 0.965 0.122 0.267 0.333 0.153 0.286 0.329 0.165 
0.745 0.773 0.784 0.749 0.792 0.800 0.761 0.812 0.820 0.188 0.278 0.341 0.318 0.322 0.408 0.604 
0.757 0.776 0.788 0.769 0.796 0.808 0.757 0.784 0.796 0.180 0.243 0.294 0.498 0.541 0.722 0.627 
0.749 0.776 0.788 0.745 0.773 0.784 0.753 0.780 0.792 0.655 0.667 0.957 0.592 0.675 0.824 0.471 
0.769 0.796 0.808 0.765 0.792 0.804 0.757 0.784 0.796 0.584 0.596 0.773 0.600 0.702 0.886 0.682 
0.733 0.780 0.788 0.749 0.769 0.780 0.757 0.784 0.796 0.733 0.765 0.796 0.545 0.608 0.839 0.682 
0.459 0.533 0.576 0.494 0.624 0.624 0.525 0.620 0.635 0.549 0.627 0.647 0.459 0.533 0.733 0.651 
0.431 0.471 0.463 0.522 0.561 0.537 0.510 0.533 0.529 0.871 0.894 0.867 0.365 0.435 0.580 0.608 
0.435 0.435 0.416 0.451 0.471 0.447 0.482 0.455 0.420 0.443 0.408 0.369 0.471 0.549 0.675 0.471 
0.486 0.431 0.369 0.482 0.420 0.357 0.396 0.314 0.255 0.435 0.349 0.294 0.310 0.306 0.384 0.502 
0.482 0.380 0.325 0.502 0.404 0.345 0.369 0.267 0.212 0.475 0.400 0.341 0.467 0.380 0.337 0.608 
0.455 0.353 0.290 0.502 0.400 0.337 0.490 0.412 0.345 0.431 0.341 0.278 0.490 0.388 0.333 0.757 
Printing Data mat:
0.298 0.329 0.322 0.322 0.337 0.322 0.733 0.757 0.745 0.635 0.647 0.639 0.733 0.286 0.333 0.341 0.200 0.192 0.157 0.678 0.702 0.682 0.537 0.569 0.569 0.447 0.349 0.408 0.392 0.843 0.867 0.831 0.576 0.580 0.573 0.471 0.510 0.510 0.361 0.294 0.341 0.349 0.780 0.824 0.792 0.710 0.745 0.733 0.125 0.184 0.161 0.082 0.235 0.341 0.412 0.373 0.635 0.965 0.424 0.635 0.965 0.122 0.267 0.333 0.153 0.745 0.773 0.784 0.749 0.792 0.800 0.761 0.812 0.820 0.188 0.278 0.341 0.318 0.757 0.776 0.788 0.769 0.796 0.808 0.757 0.784 0.796 0.180 0.243 0.294 0.498 0.749 0.776 0.788 0.745 0.773 0.784 0.753 0.780 0.792 0.655 0.667 0.957 0.592 0.769 0.796 0.808 0.765 0.792 0.804 0.757 0.784 0.796 0.584 0.596 0.773 0.600 0.733 0.780 0.788 0.749 0.769 0.780 0.757 0.784 0.796 0.733 0.765 0.796 0.545 0.459 0.533 0.576 0.494 0.624 0.624 0.525 0.620 0.635 0.549 0.627 0.647 0.459 0.431 0.471 0.463 0.522 0.561 0.537 0.510 0.533 0.529 0.871 0.894 0.867 0.365 0.435 0.435 0.416 0.451 0.471 0.447 0.482 0.455 0.420 0.443 0.408 0.369 0.471 
0.286 0.333 0.341 0.200 0.192 0.157 0.678 0.702 0.682 0.537 0.569 0.569 0.447 0.349 0.408 0.392 0.843 0.867 0.831 0.576 0.580 0.573 0.471 0.510 0.510 0.361 0.294 0.341 0.349 0.780 0.824 0.792 0.710 0.745 0.733 0.125 0.184 0.161 0.082 0.235 0.341 0.412 0.373 0.635 0.965 0.424 0.635 0.965 0.122 0.267 0.333 0.153 0.745 0.773 0.784 0.749 0.792 0.800 0.761 0.812 0.820 0.188 0.278 0.341 0.318 0.757 0.776 0.788 0.769 0.796 0.808 0.757 0.784 0.796 0.180 0.243 0.294 0.498 0.749 0.776 0.788 0.745 0.773 0.784 0.753 0.780 0.792 0.655 0.667 0.957 0.592 0.769 0.796 0.808 0.765 0.792 0.804 0.757 0.784 0.796 0.584 0.596 0.773 0.600 0.733 0.780 0.788 0.749 0.769 0.780 0.757 0.784 0.796 0.733 0.765 0.796 0.545 0.459 0.533 0.576 0.494 0.624 0.624 0.525 0.620 0.635 0.549 0.627 0.647 0.459 0.431 0.471 0.463 0.522 0.561 0.537 0.510 0.533 0.529 0.871 0.894 0.867 0.365 0.435 0.435 0.416 0.451 0.471 0.447 0.482 0.455 0.420 0.443 0.408 0.369 0.471 0.486 0.431 0.369 0.482 0.420 0.357 0.396 0.314 0.255 0.435 0.349 0.294 0.310 
0.349 0.408 0.392 0.843 0.867 0.831 0.576 0.580 0.573 0.471 0.510 0.510 0.361 0.294 0.341 0.349 0.780 0.824 0.792 0.710 0.745 0.733 0.125 0.184 0.161 0.082 0.235 0.341 0.412 0.373 0.635 0.965 0.424 0.635 0.965 0.122 0.267 0.333 0.153 0.745 0.773 0.784 0.749 0.792 0.800 0.761 0.812 0.820 0.188 0.278 0.341 0.318 0.757 0.776 0.788 0.769 0.796 0.808 0.757 0.784 0.796 0.180 0.243 0.294 0.498 0.749 0.776 0.788 0.745 0.773 0.784 0.753 0.780 0.792 0.655 0.667 0.957 0.592 0.769 0.796 0.808 0.765 0.792 0.804 0.757 0.784 0.796 0.584 0.596 0.773 0.600 0.733 0.780 0.788 0.749 0.769 0.780 0.757 0.784 0.796 0.733 0.765 0.796 0.545 0.459 0.533 0.576 0.494 0.624 0.624 0.525 0.620 0.635 0.549 0.627 0.647 0.459 0.431 0.471 0.463 0.522 0.561 0.537 0.510 0.533 0.529 0.871 0.894 0.867 0.365 0.435 0.435 0.416 0.451 0.471 0.447 0.482 0.455 0.420 0.443 0.408 0.369 0.471 0.486 0.431 0.369 0.482 0.420 0.357 0.396 0.314 0.255 0.435 0.349 0.294 0.310 0.482 0.380 0.325 0.502 0.404 0.345 0.369 0.267 0.212 0.475 0.400 0.341 0.467 
0.294 0.341 0.349 0.780 0.824 0.792 0.710 0.745 0.733 0.125 0.184 0.161 0.082 0.235 0.341 0.412 0.373 0.635 0.965 0.424 0.635 0.965 0.122 0.267 0.333 0.153 0.745 0.773 0.784 0.749 0.792 0.800 0.761 0.812 0.820 0.188 0.278 0.341 0.318 0.757 0.776 0.788 0.769 0.796 0.808 0.757 0.784 0.796 0.180 0.243 0.294 0.498 0.749 0.776 0.788 0.745 0.773 0.784 0.753 0.780 0.792 0.655 0.667 0.957 0.592 0.769 0.796 0.808 0.765 0.792 0.804 0.757 0.784 0.796 0.584 0.596 0.773 0.600 0.733 0.780 0.788 0.749 0.769 0.780 0.757 0.784 0.796 0.733 0.765 0.796 0.545 0.459 0.533 0.576 0.494 0.624 0.624 0.525 0.620 0.635 0.549 0.627 0.647 0.459 0.431 0.471 0.463 0.522 0.561 0.537 0.510 0.533 0.529 0.871 0.894 0.867 0.365 0.435 0.435 0.416 0.451 0.471 0.447 0.482 0.455 0.420 0.443 0.408 0.369 0.471 0.486 0.431 0.369 0.482 0.420 0.357 0.396 0.314 0.255 0.435 0.349 0.294 0.310 0.482 0.380 0.325 0.502 0.404 0.345 0.369 0.267 0.212 0.475 0.400 0.341 0.467 0.455 0.353 0.290 0.502 0.400 0.337 0.490 0.412 0.345 0.431 0.341 0.278 0.490 
0.329 0.322 0.322 0.337 0.322 0.733 0.757 0.745 0.635 0.647 0.639 0.733 0.749 0.333 0.341 0.200 0.192 0.157 0.678 0.702 0.682 0.537 0.569 0.569 0.447 0.475 0.408 0.392 0.843 0.867 0.831 0.576 0.580 0.573 0.471 0.510 0.510 0.361 0.447 0.341 0.349 0.780 0.824 0.792 0.710 0.745 0.733 0.125 0.184 0.161 0.082 0.153 0.341 0.412 0.373 0.635 0.965 0.424 0.635 0.965 0.122 0.267 0.333 0.153 0.286 0.773 0.784 0.749 0.792 0.800 0.761 0.812 0.820 0.188 0.278 0.341 0.318 0.322 0.776 0.788 0.769 0.796 0.808 0.757 0.784 0.796 0.180 0.243 0.294 0.498 0.541 0.776 0.788 0.745 0.773 0.784 0.753 0.780 0.792 0.655 0.667 0.957 0.592 0.675 0.796 0.808 0.765 0.792 0.804 0.757 0.784 0.796 0.584 0.596 0.773 0.600 0.702 0.780 0.788 0.749 0.769 0.780 0.757 0.784 0.796 0.733 0.765 0.796 0.545 0.608 0.533 0.576 0.494 0.624 0.624 0.525 0.620 0.635 0.549 0.627 0.647 0.459 0.533 0.471 0.463 0.522 0.561 0.537 0.510 0.533 0.529 0.871 0.894 0.867 0.365 0.435 0.435 0.416 0.451 0.471 0.447 0.482 0.455 0.420 0.443 0.408 0.369 0.471 0.549 
0.333 0.341 0.200 0.192 0.157 0.678 0.702 0.682 0.537 0.569 0.569 0.447 0.475 0.408 0.392 0.843 0.867 0.831 0.576 0.580 0.573 0.471 0.510 0.510 0.361 0.447 0.341 0.349 0.780 0.824 0.792 0.710 0.745 0.733 0.125 0.184 0.161 0.082 0.153 0.341 0.412 0.373 0.635 0.965 0.424 0.635 0.965 0.122 0.267 0.333 0.153 0.286 0.773 0.784 0.749 0.792 0.800 0.761 0.812 0.820 0.188 0.278 0.341 0.318 0.322 0.776 0.788 0.769 0.796 0.808 0.757 0.784 0.796 0.180 0.243 0.294 0.498 0.541 0.776 0.788 0.745 0.773 0.784 0.753 0.780 0.792 0.655 0.667 0.957 0.592 0.675 0.796 0.808 0.765 0.792 0.804 0.757 0.784 0.796 0.584 0.596 0.773 0.600 0.702 0.780 0.788 0.749 0.769 0.780 0.757 0.784 0.796 0.733 0.765 0.796 0.545 0.608 0.533 0.576 0.494 0.624 0.624 0.525 0.620 0.635 0.549 0.627 0.647 0.459 0.533 0.471 0.463 0.522 0.561 0.537 0.510 0.533 0.529 0.871 0.894 0.867 0.365 0.435 0.435 0.416 0.451 0.471 0.447 0.482 0.455 0.420 0.443 0.408 0.369 0.471 0.549 0.431 0.369 0.482 0.420 0.357 0.396 0.314 0.255 0.435 0.349 0.294 0.310 0.306 
0.408 0.392 0.843 0.867 0.831 0.576 0.580 0.573 0.471 0.510 0.510 0.361 0.447 0.341 0.349 0.780 0.824 0.792 0.710 0.745 0.733 0.125 0.184 0.161 0.082 0.153 0.341 0.412 0.373 0.635 0.965 0.424 0.635 0.965 0.122 0.267 0.333 0.153 0.286 0.773 0.784 0.749 0.792 0.800 0.761 0.812 0.820 0.188 0.278 0.341 0.318 0.322 0.776 0.788 0.769 0.796 0.808 0.757 0.784 0.796 0.180 0.243 0.294 0.498 0.541 0.776 0.788 0.745 0.773 0.784 0.753 0.780 0.792 0.655 0.667 0.957 0.592 0.675 0.796 0.808 0.765 0.792 0.804 0.757 0.784 0.796 0.584 0.596 0.773 0.600 0.702 0.780 0.788 0.749 0.769 0.780 0.757 0.784 0.796 0.733 0.765 0.796 0.545 0.608 0.533 0.576 0.494 0.624 0.624 0.525 0.620 0.635 0.549 0.627 0.647 0.459 0.533 0.471 0.463 0.522 0.561 0.537 0.510 0.533 0.529 0.871 0.894 0.867 0.365 0.435 0.435 0.416 0.451 0.471 0.447 0.482 0.455 0.420 0.443 0.408 0.369 0.471 0.549 0.431 0.369 0.482 0.420 0.357 0.396 0.314 0.255 0.435 0.349 0.294 0.310 0.306 0.380 0.325 0.502 0.404 0.345 0.369 0.267 0.212 0.475 0.400 0.341 0.467 0.380 
0.341 0.349 0.780 0.824 0.792 0.710 0.745 0.733 0.125 0.184 0.161 0.082 0.153 0.341 0.412 0.373 0.635 0.965 0.424 0.635 0.965 0.122 0.267 0.333 0.153 0.286 0.773 0.784 0.749 0.792 0.800 0.761 0.812 0.820 0.188 0.278 0.341 0.318 0.322 0.776 0.788 0.769 0.796 0.808 0.757 0.784 0.796 0.180 0.243 0.294 0.498 0.541 0.776 0.788 0.745 0.773 0.784 0.753 0.780 0.792 0.655 0.667 0.957 0.592 0.675 0.796 0.808 0.765 0.792 0.804 0.757 0.784 0.796 0.584 0.596 0.773 0.600 0.702 0.780 0.788 0.749 0.769 0.780 0.757 0.784 0.796 0.733 0.765 0.796 0.545 0.608 0.533 0.576 0.494 0.624 0.624 0.525 0.620 0.635 0.549 0.627 0.647 0.459 0.533 0.471 0.463 0.522 0.561 0.537 0.510 0.533 0.529 0.871 0.894 0.867 0.365 0.435 0.435 0.416 0.451 0.471 0.447 0.482 0.455 0.420 0.443 0.408 0.369 0.471 0.549 0.431 0.369 0.482 0.420 0.357 0.396 0.314 0.255 0.435 0.349 0.294 0.310 0.306 0.380 0.325 0.502 0.404 0.345 0.369 0.267 0.212 0.475 0.400 0.341 0.467 0.380 0.353 0.290 0.502 0.400 0.337 0.490 0.412 0.345 0.431 0.341 0.278 0.490 0.388 
0.322 0.322 0.337 0.322 0.733 0.757 0.745 0.635 0.647 0.639 0.733 0.749 0.725 0.341 0.200 0.192 0.157 0.678 0.702 0.682 0.537 0.569 0.569 0.447 0.475 0.447 0.392 0.843 0.867 0.831 0.576 0.580 0.573 0.471 0.510 0.510 0.361 0.447 0.475 0.349 0.780 0.824 0.792 0.710 0.745 0.733 0.125 0.184 0.161 0.082 0.153 0.184 0.412 0.373 0.635 0.965 0.424 0.635 0.965 0.122 0.267 0.333 0.153 0.286 0.329 0.784 0.749 0.792 0.800 0.761 0.812 0.820 0.188 0.278 0.341 0.318 0.322 0.408 0.788 0.769 0.796 0.808 0.757 0.784 0.796 0.180 0.243 0.294 0.498 0.541 0.722 0.788 0.745 0.773 0.784 0.753 0.780 0.792 0.655 0.667 0.957 0.592 0.675 0.824 0.808 0.765 0.792 0.804 0.757 0.784 0.796 0.584 0.596 0.773 0.600 0.702 0.886 0.788 0.749 0.769 0.780 0.757 0.784 0.796 0.733 0.765 0.796 0.545 0.608 0.839 0.576 0.494 0.624 0.624 0.525 0.620 0.635 0.549 0.627 0.647 0.459 0.533 0.733 0.463 0.522 0.561 0.537 0.510 0.533 0.529 0.871 0.894 0.867 0.365 0.435 0.580 0.416 0.451 0.471 0.447 0.482 0.455 0.420 0.443 0.408 0.369 0.471 0.549 0.675 
0.341 0.200 0.192 0.157 0.678 0.702 0.682 0.537 0.569 0.569 0.447 0.475 0.447 0.392 0.843 0.867 0.831 0.576 0.580 0.573 0.471 0.510 0.510 0.361 0.447 0.475 0.349 0.780 0.824 0.792 0.710 0.745 0.733 0.125 0.184 0.161 0.082 0.153 0.184 0.412 0.373 0.635 0.965 0.424 0.635 0.965 0.122 0.267 0.333 0.153 0.286 0.329 0.784 0.749 0.792 0.800 0.761 0.812 0.820 0.188 0.278 0.341 0.318 0.322 0.408 0.788 0.769 0.796 0.808 0.757 0.784 0.796 0.180 0.243 0.294 0.498 0.541 0.722 0.788 0.745 0.773 0.784 0.753 0.780 0.792 0.655 0.667 0.957 0.592 0.675 0.824 0.808 0.765 0.792 0.804 0.757 0.784 0.796 0.584 0.596 0.773 0.600 0.702 0.886 0.788 0.749 0.769 0.780 0.757 0.784 0.796 0.733 0.765 0.796 0.545 0.608 0.839 0.576 0.494 0.624 0.624 0.525 0.620 0.635 0.549 0.627 0.647 0.459 0.533 0.733 0.463 0.522 0.561 0.537 0.510 0.533 0.529 0.871 0.894 0.867 0.365 0.435 0.580 0.416 0.451 0.471 0.447 0.482 0.455 0.420 0.443 0.408 0.369 0.471 0.549 0.675 0.369 0.482 0.420 0.357 0.396 0.314 0.255 0.435 0.349 0.294 0.310 0.306 0.384 
0.392 0.843 0.867 0.831 0.576 0.580 0.573 0.471 0.510 0.510 0.361 0.447 0.475 0.349 0.780 0.824 0.792 0.710 0.745 0.733 0.125 0.184 0.161 0.082 0.153 0.184 0.412 0.373 0.635 0.965 0.424 0.635 0.965 0.122 0.267 0.333 0.153 0.286 0.329 0.784 0.749 0.792 0.800 0.761 0.812 0.820 0.188 0.278 0.341 0.318 0.322 0.408 0.788 0.769 0.796 0.808 0.757 0.784 0.796 0.180 0.243 0.294 0.498 0.541 0.722 0.788 0.745 0.773 0.784 0.753 0.780 0.792 0.655 0.667 0.957 0.592 0.675 0.824 0.808 0.765 0.792 0.804 0.757 0.784 0.796 0.584 0.596 0.773 0.600 0.702 0.886 0.788 0.749 0.769 0.780 0.757 0.784 0.796 0.733 0.765 0.796 0.545 0.608 0.839 0.576 0.494 0.624 0.624 0.525 0.620 0.635 0.549 0.627 0.647 0.459 0.533 0.733 0.463 0.522 0.561 0.537 0.510 0.533 0.529 0.871 0.894 0.867 0.365 0.435 0.580 0.416 0.451 0.471 0.447 0.482 0.455 0.420 0.443 0.408 0.369 0.471 0.549 0.675 0.369 0.482 0.420 0.357 0.396 0.314 0.255 0.435 0.349 0.294 0.310 0.306 0.384 0.325 0.502 0.404 0.345 0.369 0.267 0.212 0.475 0.400 0.341 0.467 0.380 0.337 
0.349 0.780 0.824 0.792 0.710 0.745 0.733 0.125 0.184 0.161 0.082 0.153 0.184 0.412 0.373 0.635 0.965 0.424 0.635 0.965 0.122 0.267 0.333 0.153 0.286 0.329 0.784 0.749 0.792 0.800 0.761 0.812 0.820 0.188 0.278 0.341 0.318 0.322 0.408 0.788 0.769 0.796 0.808 0.757 0.784 0.796 0.180 0.243 0.294 0.498 0.541 0.722 0.788 0.745 0.773 0.784 0.753 0.780 0.792 0.655 0.667 0.957 0.592 0.675 0.824 0.808 0.765 0.792 0.804 0.757 0.784 0.796 0.584 0.596 0.773 0.600 0.702 0.886 0.788 0.749 0.769 0.780 0.757 0.784 0.796 0.733 0.765 0.796 0.545 0.608 0.839 0.576 0.494 0.624 0.624 0.525 0.620 0.635 0.549 0.627 0.647 0.459 0.533 0.733 0.463 0.522 0.561 0.537 0.510 0.533 0.529 0.871 0.894 0.867 0.365 0.435 0.580 0.416 0.451 0.471 0.447 0.482 0.455 0.420 0.443 0.408 0.369 0.471 0.549 0.675 0.369 0.482 0.420 0.357 0.396 0.314 0.255 0.435 0.349 0.294 0.310 0.306 0.384 0.325 0.502 0.404 0.345 0.369 0.267 0.212 0.475 0.400 0.341 0.467 0.380 0.337 0.290 0.502 0.400 0.337 0.490 0.412 0.345 0.431 0.341 0.278 0.490 0.388 0.333 
0.322 0.337 0.322 0.733 0.757 0.745 0.635 0.647 0.639 0.733 0.749 0.725 0.753 0.200 0.192 0.157 0.678 0.702 0.682 0.537 0.569 0.569 0.447 0.475 0.447 0.737 0.843 0.867 0.831 0.576 0.580 0.573 0.471 0.510 0.510 0.361 0.447 0.475 0.094 0.780 0.824 0.792 0.710 0.745 0.733 0.125 0.184 0.161 0.082 0.153 0.184 0.200 0.373 0.635 0.965 0.424 0.635 0.965 0.122 0.267 0.333 0.153 0.286 0.329 0.165 0.749 0.792 0.800 0.761 0.812 0.820 0.188 0.278 0.341 0.318 0.322 0.408 0.604 0.769 0.796 0.808 0.757 0.784 0.796 0.180 0.243 0.294 0.498 0.541 0.722 0.627 0.745 0.773 0.784 0.753 0.780 0.792 0.655 0.667 0.957 0.592 0.675 0.824 0.471 0.765 0.792 0.804 0.757 0.784 0.796 0.584 0.596 0.773 0.600 0.702 0.886 0.682 0.749 0.769 0.780 0.757 0.784 0.796 0.733 0.765 0.796 0.545 0.608 0.839 0.682 0.494 0.624 0.624 0.525 0.620 0.635 0.549 0.627 0.647 0.459 0.533 0.733 0.651 0.522 0.561 0.537 0.510 0.533 0.529 0.871 0.894 0.867 0.365 0.435 0.580 0.608 0.451 0.471 0.447 0.482 0.455 0.420 0.443 0.408 0.369 0.471 0.549 0.675 0.471 
0.200 0.192 0.157 0.678 0.702 0.682 0.537 0.569 0.569 0.447 0.475 0.447 0.737 0.843 0.867 0.831 0.576 0.580 0.573 0.471 0.510 0.510 0.361 0.447 0.475 0.094 0.780 0.824 0.792 0.710 0.745 0.733 0.125 0.184 0.161 0.082 0.153 0.184 0.200 0.373 0.635 0.965 0.424 0.635 0.965 0.122 0.267 0.333 0.153 0.286 0.329 0.165 0.749 0.792 0.800 0.761 0.812 0.820 0.188 0.278 0.341 0.318 0.322 0.408 0.604 0.769 0.796 0.808 0.757 0.784 0.796 0.180 0.243 0.294 0.498 0.541 0.722 0.627 0.745 0.773 0.784 0.753 0.780 0.792 0.655 0.667 0.957 0.592 0.675 0.824 0.471 0.765 0.792 0.804 0.757 0.784 0.796 0.584 0.596 0.773 0.600 0.702 0.886 0.682 0.749 0.769 0.780 0.757 0.784 0.796 0.733 0.765 0.796 0.545 0.608 0.839 0.682 0.494 0.624 0.624 0.525 0.620 0.635 0.549 0.627 0.647 0.459 0.533 0.733 0.651 0.522 0.561 0.537 0.510 0.533 0.529 0.871 0.894 0.867 0.365 0.435 0.580 0.608 0.451 0.471 0.447 0.482 0.455 0.420 0.443 0.408 0.369 0.471 0.549 0.675 0.471 0.482 0.420 0.357 0.396 0.314 0.255 0.435 0.349 0.294 0.310 0.306 0.384 0.502 
0.843 0.867 0.831 0.576 0.580 0.573 0.471 0.510 0.510 0.361 0.447 0.475 0.094 0.780 0.824 0.792 0.710 0.745 0.733 0.125 0.184 0.161 0.082 0.153 0.184 0.200 0.373 0.635 0.965 0.424 0.635 0.965 0.122 0.267 0.333 0.153 0.286 0.329 0.165 0.749 0.792 0.800 0.761 0.812 0.820 0.188 0.278 0.341 0.318 0.322 0.408 0.604 0.769 0.796 0.808 0.757 0.784 0.796 0.180 0.243 0.294 0.498 0.541 0.722 0.627 0.745 0.773 0.784 0.753 0.780 0.792 0.655 0.667 0.957 0.592 0.675 0.824 0.471 0.765 0.792 0.804 0.757 0.784 0.796 0.584 0.596 0.773 0.600 0.702 0.886 0.682 0.749 0.769 0.780 0.757 0.784 0.796 0.733 0.765 0.796 0.545 0.608 0.839 0.682 0.494 0.624 0.624 0.525 0.620 0.635 0.549 0.627 0.647 0.459 0.533 0.733 0.651 0.522 0.561 0.537 0.510 0.533 0.529 0.871 0.894 0.867 0.365 0.435 0.580 0.608 0.451 0.471 0.447 0.482 0.455 0.420 0.443 0.408 0.369 0.471 0.549 0.675 0.471 0.482 0.420 0.357 0.396 0.314 0.255 0.435 0.349 0.294 0.310 0.306 0.384 0.502 0.502 0.404 0.345 0.369 0.267 0.212 0.475 0.400 0.341 0.467 0.380 0.337 0.608 
0.780 0.824 0.792 0.710 0.745 0.733 0.125 0.184 0.161 0.082 0.153 0.184 0.200 0.373 0.635 0.965 0.424 0.635 0.965 0.122 0.267 0.333 0.153 0.286 0.329 0.165 0.749 0.792 0.800 0.761 0.812 0.820 0.188 0.278 0.341 0.318 0.322 0.408 0.604 0.769 0.796 0.808 0.757 0.784 0.796 0.180 0.243 0.294 0.498 0.541 0.722 0.627 0.745 0.773 0.784 0.753 0.780 0.792 0.655 0.667 0.957 0.592 0.675 0.824 0.471 0.765 0.792 0.804 0.757 0.784 0.796 0.584 0.596 0.773 0.600 0.702 0.886 0.682 0.749 0.769 0.780 0.757 0.784 0.796 0.733 0.765 0.796 0.545 0.608 0.839 0.682 0.494 0.624 0.624 0.525 0.620 0.635 0.549 0.627 0.647 0.459 0.533 0.733 0.651 0.522 0.561 0.537 0.510 0.533 0.529 0.871 0.894 0.867 0.365 0.435 0.580 0.608 0.451 0.471 0.447 0.482 0.455 0.420 0.443 0.408 0.369 0.471 0.549 0.675 0.471 0.482 0.420 0.357 0.396 0.314 0.255 0.435 0.349 0.294 0.310 0.306 0.384 0.502 0.502 0.404 0.345 0.369 0.267 0.212 0.475 0.400 0.341 0.467 0.380 0.337 0.608 0.502 0.400 0.337 0.490 0.412 0.345 0.431 0.341 0.278 0.490 0.388 0.333 0.757 
Inside GDMatrix
Printing Image:
0.369 0.506 0.584 0.345 0.490 0.588 0.380 0.506 0.580 0.337 0.467 0.545 0.471 0.541 0.510 0.698 
0.365 0.498 0.592 0.357 0.486 0.580 0.361 0.494 0.588 0.341 0.463 0.561 0.475 0.533 0.506 0.702 
0.341 0.502 0.588 0.357 0.486 0.576 0.345 0.475 0.573 0.353 0.490 0.580 0.451 0.486 0.455 0.071 
0.427 0.420 0.302 0.776 0.737 0.627 0.827 0.788 0.694 0.424 0.463 0.529 0.118 0.133 0.137 0.063 
0.384 0.392 0.157 0.420 0.420 0.294 0.584 0.584 0.502 0.282 0.255 0.251 0.086 0.106 0.106 0.169 
0.329 0.365 0.224 0.816 0.792 0.690 0.212 0.196 0.208 0.141 0.102 0.102 0.247 0.243 0.282 0.482 
0.808 0.804 0.706 0.804 0.769 0.690 0.345 0.349 0.353 0.075 0.075 0.090 0.133 0.180 0.263 0.698 
0.812 0.780 0.690 0.745 0.718 0.639 0.231 0.227 0.263 0.529 0.549 0.682 0.333 0.388 0.475 0.651 
0.749 0.725 0.624 0.816 0.784 0.694 0.306 0.282 0.302 0.216 0.247 0.329 0.471 0.514 0.624 0.796 
0.788 0.753 0.635 0.776 0.737 0.659 0.725 0.729 0.635 0.357 0.435 0.518 0.686 0.710 0.839 0.859 
0.341 0.498 0.588 0.353 0.486 0.580 0.361 0.490 0.584 0.349 0.475 0.569 0.306 0.290 0.255 0.784 
0.369 0.502 0.592 0.361 0.494 0.584 0.345 0.471 0.561 0.341 0.471 0.545 0.302 0.302 0.235 0.792 
0.349 0.478 0.553 0.349 0.478 0.553 0.369 0.498 0.573 0.325 0.451 0.541 0.365 0.349 0.306 0.549 
0.357 0.482 0.557 0.349 0.482 0.522 0.329 0.475 0.545 0.337 0.427 0.529 0.545 0.627 0.749 0.529 
0.380 0.455 0.455 0.984 0.969 0.843 0.718 0.788 0.867 0.776 0.808 0.898 0.710 0.753 0.878 0.706 
0.996 0.976 0.851 1.000 0.992 0.875 1.000 0.992 0.878 0.976 0.973 0.863 0.769 0.824 0.902 0.643 
Printing Data mat:
0.369 0.506 0.584 0.345 0.490 0.588 0.380 0.506 0.580 0.337 0.467 0.545 0.471 0.365 0.498 0.592 0.357 0.486 0.580 0.361 0.494 0.588 0.341 0.463 0.561 0.475 0.341 0.502 0.588 0.357 0.486 0.576 0.345 0.475 0.573 0.353 0.490 0.580 0.451 0.427 0.420 0.302 0.776 0.737 0.627 0.827 0.788 0.694 0.424 0.463 0.529 0.118 0.384 0.392 0.157 0.420 0.420 0.294 0.584 0.584 0.502 0.282 0.255 0.251 0.086 0.329 0.365 0.224 0.816 0.792 0.690 0.212 0.196 0.208 0.141 0.102 0.102 0.247 0.808 0.804 0.706 0.804 0.769 0.690 0.345 0.349 0.353 0.075 0.075 0.090 0.133 0.812 0.780 0.690 0.745 0.718 0.639 0.231 0.227 0.263 0.529 0.549 0.682 0.333 0.749 0.725 0.624 0.816 0.784 0.694 0.306 0.282 0.302 0.216 0.247 0.329 0.471 0.788 0.753 0.635 0.776 0.737 0.659 0.725 0.729 0.635 0.357 0.435 0.518 0.686 0.341 0.498 0.588 0.353 0.486 0.580 0.361 0.490 0.584 0.349 0.475 0.569 0.306 0.369 0.502 0.592 0.361 0.494 0.584 0.345 0.471 0.561 0.341 0.471 0.545 0.302 0.349 0.478 0.553 0.349 0.478 0.553 0.369 0.498 0.573 0.325 0.451 0.541 0.365 
0.365 0.498 0.592 0.357 0.486 0.580 0.361 0.494 0.588 0.341 0.463 0.561 0.475 0.341 0.502 0.588 0.357 0.486 0.576 0.345 0.475 0.573 0.353 0.490 0.580 0.451 0.427 0.420 0.302 0.776 0.737 0.627 0.827 0.788 0.694 0.424 0.463 0.529 0.118 0.384 0.392 0.157 0.420 0.420 0.294 0.584 0.584 0.502 0.282 0.255 0.251 0.086 0.329 0.365 0.224 0.816 0.792 0.690 0.212 0.196 0.208 0.141 0.102 0.102 0.247 0.808 0.804 0.706 0.804 0.769 0.690 0.345 0.349 0.353 0.075 0.075 0.090 0.133 0.812 0.780 0.690 0.745 0.718 0.639 0.231 0.227 0.263 0.529 0.549 0.682 0.333 0.749 0.725 0.624 0.816 0.784 0.694 0.306 0.282 0.302 0.216 0.247 0.329 0.471 0.788 0.753 0.635 0.776 0.737 0.659 0.725 0.729 0.635 0.357 0.435 0.518 0.686 0.341 0.498 0.588 0.353 0.486 0.580 0.361 0.490 0.584 0.349 0.475 0.569 0.306 0.369 0.502 0.592 0.361 0.494 0.584 0.345 0.471 0.561 0.341 0.471 0.545 0.302 0.349 0.478 0.553 0.349 0.478 0.553 0.369 0.498 0.573 0.325 0.451 0.541 0.365 0.357 0.482 0.557 0.349 0.482 0.522 0.329 0.475 0.545 0.337 0.427 0.529 0.545 
0.341 0.502 0.588 0.357 0.486 0.576 0.345 0.475 0.573 0.353 0.490 0.580 0.451 0.427 0.420 0.302 0.776 0.737 0.627 0.827 0.788 0.694 0.424 0.463 0.529 0.118 0.384 0.392 0.157 0.420 0.420 0.294 0.584 0.584 0.502 0.282 0.255 0.251 0.086 0.329 0.365 0.224 0.816 0.792 0.690 0.212 0.196 0.208 0.141 0.102 0.102 0.247 0.808 0.804 0.706 0.804 0.769 0.690 0.345 0.349 0.353 0.075 0.075 0.090 0.133 0.812 0.780 0.690 0.745 0.718 0.639 0.231 0.227 0.263 0.529 0.549 0.682 0.333 0.749 0.725 0.624 0.816 0.784 0.694 0.306 0.282 0.302 0.216 0.247 0.329 0.471 0.788 0.753 0.635 0.776 0.737 0.659 0.725 0.729 0.635 0.357 0.435 0.518 0.686 0.341 0.498 0.588 0.353 0.486 0.580 0.361 0.490 0.584 0.349 0.475 0.569 0.306 0.369 0.502 0.592 0.361 0.494 0.584 0.345 0.471 0.561 0.341 0.471 0.545 0.302 0.349 0.478 0.553 0.349 0.478 0.553 0.369 0.498 0.573 0.325 0.451 0.541 0.365 0.357 0.482 0.557 0.349 0.482 0.522 0.329 0.475 0.545 0.337 0.427 0.529 0.545 0.380 0.455 0.455 0.984 0.969 0.843 0.718 0.788 0.867 0.776 0.808 0.898 0.710 
0.427 0.420 0.302 0.776 0.737 0.627 0.827 0.788 0.694 0.424 0.463 0.529 0.118 0.384 0.392 0.157 0.420 0.420 0.294 0.584 0.584 0.502 0.282 0.255 0.251 0.086 0.329 0.365 0.224 0.816 0.792 0.690 0.212 0.196 0.208 0.141 0.102 0.102 0.247 0.808 0.804 0.706 0.804 0.769 0.690 0.345 0.349 0.353 0.075 0.075 0.090 0.133 0.812 0.780 0.690 0.745 0.718 0.639 0.231 0.227 0.263 0.529 0.549 0.682 0.333 0.749 0.725 0.624 0.816 0.784 0.694 0.306 0.282 0.302 0.216 0.247 0.329 0.471 0.788 0.753 0.635 0.776 0.737 0.659 0.725 0.729 0.635 0.357 0.435 0.518 0.686 0.341 0.498 0.588 0.353 0.486 0.580 0.361 0.490 0.584 0.349 0.475 0.569 0.306 0.369 0.502 0.592 0.361 0.494 0.584 0.345 0.471 0.561 0.341 0.471 0.545 0.302 0.349 0.478 0.553 0.349 0.478 0.553 0.369 0.498 0.573 0.325 0.451 0.541 0.365 0.357 0.482 0.557 0.349 0.482 0.522 0.329 0.475 0.545 0.337 0.427 0.529 0.545 0.380 0.455 0.455 0.984 0.969 0.843 0.718 0.788 0.867 0.776 0.808 0.898 0.710 0.996 0.976 0.851 1.000 0.992 0.875 1.000 0.992 0.878 0.976 0.973 0.863 0.769 
0.506 0.584 0.345 0.490 0.588 0.380 0.506 0.580 0.337 0.467 0.545 0.471 0.541 0.498 0.592 0.357 0.486 0.580 0.361 0.494 0.588 0.341 0.463 0.561 0.475 0.533 0.502 0.588 0.357 0.486 0.576 0.345 0.475 0.573 0.353 0.490 0.580 0.451 0.486 0.420 0.302 0.776 0.737 0.627 0.827 0.788 0.694 0.424 0.463 0.529 0.118 0.133 0.392 0.157 0.420 0.420 0.294 0.584 0.584 0.502 0.282 0.255 0.251 0.086 0.106 0.365 0.224 0.816 0.792 0.690 0.212 0.196 0.208 0.141 0.102 0.102 0.247 0.243 0.804 0.706 0.804 0.769 0.690 0.345 0.349 0.353 0.075 0.075 0.090 0.133 0.180 0.780 0.690 0.745 0.718 0.639 0.231 0.227 0.263 0.529 0.549 0.682 0.333 0.388 0.725 0.624 0.816 0.784 0.694 0.306 0.282 0.302 0.216 0.247 0.329 0.471 0.514 0.753 0.635 0.776 0.737 0.659 0.725 0.729 0.635 0.357 0.435 0.518 0.686 0.710 0.498 0.588 0.353 0.486 0.580 0.361 0.490 0.584 0.349 0.475 0.569 0.306 0.290 0.502 0.592 0.361 0.494 0.584 0.345 0.471 0.561 0.341 0.471 0.545 0.302 0.302 0.478 0.553 0.349 0.478 0.553 0.369 0.498 0.573 0.325 0.451 0.541 0.365 0.349 
0.498 0.592 0.357 0.486 0.580 0.361 0.494 0.588 0.341 0.463 0.561 0.475 0.533 0.502 0.588 0.357 0.486 0.576 0.345 0.475 0.573 0.353 0.490 0.580 0.451 0.486 0.420 0.302 0.776 0.737 0.627 0.827 0.788 0.694 0.424 0.463 0.529 0.118 0.133 0.392 0.157 0.420 0.420 0.294 0.584 0.584 0.502 0.282 0.255 0.251 0.086 0.106 0.365 0.224 0.816 0.792 0.690 0.212 0.196 0.208 0.141 0.102 0.102 0.247 0.243 0.804 0.706 0.804 0.769 0.690 0.345 0.349 0.353 0.075 0.075 0.090 0.133 0.180 0.780 0.690 0.745 0.718 0.639 0.231 0.227 0.263 0.529 0.549 0.682 0.333 0.388 0.725 0.624 0.816 0.784 0.694 0.306 0.282 0.302 0.216 0.247 0.329 0.471 0.514 0.753 0.635 0.776 0.737 0.659 0.725 0.729 0.635 0.357 0.435 0.518 0.686 0.710 0.498 0.588 0.353 0.486 0.580 0.361 0.490 0.584 0.349 0.475 0.569 0.306 0.290 0.502 0.592 0.361 0.494 0.584 0.345 0.471 0.561 0.341 0.471 0.545 0.302 0.302 0.478 0.553 0.349 0.478 0.553 0.369 0.498 0.573 0.325 0.451 0.541 0.365 0.349 0.482 0.557 0.349 0.482 0.522 0.329 0.475 0.545 0.337 0.427 0.529 0.545 0.627 
0.502 0.588 0.357 0.486 0.576 0.345 0.475 0.573 0.353 0.490 0.580 0.451 0.486 0.420 0.302 0.776 0.737 0.627 0.827 0.788 0.694 0.424 0.463 0.529 0.118 0.133 0.392 0.157 0.420 0.420 0.294 0.584 0.584 0.502 0.282 0.255 0.251 0.086 0.106 0.365 0.224 0.816 0.792 0.690 0.212 0.196 0.208 0.141 0.102 0.102 0.247 0.243 0.804 0.706 0.804 0.769 0.690 0.345 0.349 0.353 0.075 0.075 0.090 0.133 0.180 0.780 0.690 0.745 0.718 0.639 0.231 0.227 0.263 0.529 0.549 0.682 0.333 0.388 0.725 0.624 0.816 0.784 0.694 0.306 0.282 0.302 0.216 0.247 0.329 0.471 0.514 0.753 0.635 0.776 0.737 0.659 0.725 0.729 0.635 0.357 0.435 0.518 0.686 0.710 0.498 0.588 0.353 0.486 0.580 0.361 0.490 0.584 0.349 0.475 0.569 0.306 0.290 0.502 0.592 0.361 0.494 0.584 0.345 0.471 0.561 0.341 0.471 0.545 0.302 0.302 0.478 0.553 0.349 0.478 0.553 0.369 0.498 0.573 0.325 0.451 0.541 0.365 0.349 0.482 0.557 0.349 0.482 0.522 0.329 0.475 0.545 0.337 0.427 0.529 0.545 0.627 0.455 0.455 0.984 0.969 0.843 0.718 0.788 0.867 0.776 0.808 0.898 0.710 0.753 
0.420 0.302 0.776 0.737 0.627 0.827 0.788 0.694 0.424 0.463 0.529 0.118 0.133 0.392 0.157 0.420 0.420 0.294 0.584 0.584 0.502 0.282 0.255 0.251 0.086 0.106 0.365 0.224 0.816 0.792 0.690 0.212 0.196 0.208 0.141 0.102 0.102 0.247 0.243 0.804 0.706 0.804 0.769 0.690 0.345 0.349 0.353 0.075 0.075 0.090 0.133 0.180 0.780 0.690 0.745 0.718 0.639 0.231 0.227 0.263 0.529 0.549 0.682 0.333 0.388 0.725 0.624 0.816 0.784 0.694 0.306 0.282 0.302 0.216 0.247 0.329 0.471 0.514 0.753 0.635 0.776 0.737 0.659 0.725 0.729 0.635 0.357 0.435 0.518 0.686 0.710 0.498 0.588 0.353 0.486 0.580 0.361 0.490 0.584 0.349 0.475 0.569 0.306 0.290 0.502 0.592 0.361 0.494 0.584 0.345 0.471 0.561 0.341 0.471 0.545 0.302 0.302 0.478 0.553 0.349 0.478 0.553 0.369 0.498 0.573 0.325 0.451 0.541 0.365 0.349 0.482 0.557 0.349 0.482 0.522 0.329 0.475 0.545 0.337 0.427 0.529 0.545 0.627 0.455 0.455 0.984 0.969 0.843 0.718 0.788 0.867 0.776 0.808 0.898 0.710 0.753 0.976 0.851 1.000 0.992 0.875 1.000 0.992 0.878 0.976 0.973 0.863 0.769 0.824 
0.584 0.345 0.490 0.588 0.380 0.506 0.580 0.337 0.467 0.545 0.471 0.541 0.510 0.592 0.357 0.486 0.580 0.361 0.494 0.588 0.341 0.463 0.561 0.475 0.533 0.506 0.588 0.357 0.486 0.576 0.345 0.475 0.573 0.353 0.490 0.580 0.451 0.486 0.455 0.302 0.776 0.737 0.627 0.827 0.788 0.694 0.424 0.463 0.529 0.118 0.133 0.137 0.157 0.420 0.420 0.294 0.584 0.584 0.502 0.282 0.255 0.251 0.086 0.106 0.106 0.224 0.816 0.792 0.690 0.212 0.196 0.208 0.141 0.102 0.102 0.247 0.243 0.282 0.706 0.804 0.769 0.690 0.345 0.349 0.353 0.075 0.075 0.090 0.133 0.180 0.263 0.690 0.745 0.718 0.639 0.231 0.227 0.263 0.529 0.549 0.682 0.333 0.388 0.475 0.624 0.816 0.784 0.694 0.306 0.282 0.302 0.216 0.247 0.329 0.471 0.514 0.624 0.635 0.776 0.737 0.659 0.725 0.729 0.635 0.357 0.435 0.518 0.686 0.710 0.839 0.588 0.353 0.486 0.580 0.361 0.490 0.584 0.349 0.475 0.569 0.306 0.290 0.255 0.592 0.361 0.494 0.584 0.345 0.471 0.561 0.341 0.471 0.545 0.302 0.302 0.235 0.553 0.349 0.478 0.553 0.369 0.498 0.573 0.325 0.451 0.541 0.365 0.349 0.306 
0.592 0.357 0.486 0.580 0.361 0.494 0.588 0.341 0.463 0.561 0.475 0.533 0.506 0.588 0.357 0.486 0.576 0.345 0.475 0.573 0.353 0.490 0.580 0.451 0.486 0.455 0.302 0.776 0.737 0.627 0.827 0.788 0.694 0.424 0.463 0.529 0.118 0.133 0.137 0.157 0.420 0.420 0.294 0.584 0.584 0.502 0.282 0.255 0.251 0.086 0.106 0.106 0.224 0.816 0.792 0.690 0.212 0.196 0.208 0.141 0.102 0.102 0.247 0.243 0.282 0.706 0.804 0.769 0.690 0.345 0.349 0.353 0.075 0.075 0.090 0.133 0.180 0.263 0.690 0.745 0.718 0.639 0.231 0.227 0.263 0.529 0.549 0.682 0.333 0.388 0.475 0.624 0.816 0.784 0.694 0.306 0.282 0.302 0.216 0.247 0.329 0.471 0.514 0.624 0.635 0.776 0.737 0.659 0.725 0.729 0.635 0.357 0.435 0.518 0.686 0.710 0.839 0.588 0.353 0.486 0.580 0.361 0.490 0.584 0.349 0.475 0.569 0.306 0.290 0.255 0.592 0.361 0.494 0.584 0.345 0.471 0.561 0.341 0.471 0.545 0.302 0.302 0.235 0.553 0.349 0.478 0.553 0.369 0.498 0.573 0.325 0.451 0.541 0.365 0.349 0.306 0.557 0.349 0.482 0.522 0.329 0.475 0.545 0.337 0.427 0.529 0.545 0.627 0.749 
0.588 0.357 0.486 0.576 0.345 0.475 0.573 0.353 0.490 0.580 0.451 0.486 0.455 0.302 0.776 0.737 0.627 0.827 0.788 0.694 0.424 0.463 0.529 0.118 0.133 0.137 0.157 0.420 0.420 0.294 0.584 0.584 0.502 0.282 0.255 0.251 0.086 0.106 0.106 0.224 0.816 0.792 0.690 0.212 0.196 0.208 0.141 0.102 0.102 0.247 0.243 0.282 0.706 0.804 0.769 0.690 0.345 0.349 0.353 0.075 0.075 0.090 0.133 0.180 0.263 0.690 0.745 0.718 0.639 0.231 0.227 0.263 0.529 0.549 0.682 0.333 0.388 0.475 0.624 0.816 0.784 0.694 0.306 0.282 0.302 0.216 0.247 0.329 0.471 0.514 0.624 0.635 0.776 0.737 0.659 0.725 0.729 0.635 0.357 0.435 0.518 0.686 0.710 0.839 0.588 0.353 0.486 0.580 0.361 0.490 0.584 0.349 0.475 0.569 0.306 0.290 0.255 0.592 0.361 0.494 0.584 0.345 0.471 0.561 0.341 0.471 0.545 0.302 0.302 0.235 0.553 0.349 0.478 0.553 0.369 0.498 0.573 0.325 0.451 0.541 0.365 0.349 0.306 0.557 0.349 0.482 0.522 0.329 0.475 0.545 0.337 0.427 0.529 0.545 0.627 0.749 0.455 0.984 0.969 0.843 0.718 0.788 0.867 0.776 0.808 0.898 0.710 0.753 0.878 
0.302 0.776 0.737 0.627 0.827 0.788 0.694 0.424 0.463 0.529 0.118 0.133 0.137 0.157 0.420 0.420 0.294 0.584 0.584 0.502 0.282 0.255 0.251 0.086 0.106 0.106 0.224 0.816 0.792 0.690 0.212 0.196 0.208 0.141 0.102 0.102 0.247 0.243 0.282 0.706 0.804 0.769 0.690 0.345 0.349 0.353 0.075 0.075 0.090 0.133 0.180 0.263 0.690 0.745 0.718 0.639 0.231 0.227 0.263 0.529 0.549 0.682 0.333 0.388 0.475 0.624 0.816 0.784 0.694 0.306 0.282 0.302 0.216 0.247 0.329 0.471 0.514 0.624 0.635 0.776 0.737 0.659 0.725 0.729 0.635 0.357 0.435 0.518 0.686 0.710 0.839 0.588 0.353 0.486 0.580 0.361 0.490 0.584 0.349 0.475 0.569 0.306 0.290 0.255 0.592 0.361 0.494 0.584 0.345 0.471 0.561 0.341 0.471 0.545 0.302 0.302 0.235 0.553 0.349 0.478 0.553 0.369 0.498 0.573 0.325 0.451 0.541 0.365 0.349 0.306 0.557 0.349 0.482 0.522 0.329 0.475 0.545 0.337 0.427 0.529 0.545 0.627 0.749 0.455 0.984 0.969 0.843 0.718 0.788 0.867 0.776 0.808 0.898 0.710 0.753 0.878 0.851 1.000 0.992 0.875 1.000 0.992 0.878 0.976 0.973 0.863 0.769 0.824 0.902 
0.345 0.490 0.588 0.380 0.506 0.580 0.337 0.467 0.545 0.471 0.541 0.510 0.698 0.357 0.486 0.580 0.361 0.494 0.588 0.341 0.463 0.561 0.475 0.533 0.506 0.702 0.357 0.486 0.576 0.345 0.475 0.573 0.353 0.490 0.580 0.451 0.486 0.455 0.071 0.776 0.737 0.627 0.827 0.788 0.694 0.424 0.463 0.529 0.118 0.133 0.137 0.063 0.420 0.420 0.294 0.584 0.584 0.502 0.282 0.255 0.251 0.086 0.106 0.106 0.169 0.816 0.792 0.690 0.212 0.196 0.208 0.141 0.102 0.102 0.247 0.243 0.282 0.482 0.804 0.769 0.690 0.345 0.349 0.353 0.075 0.075 0.090 0.133 0.180 0.263 0.698 0.745 0.718 0.639 0.231 0.227 0.263 0.529 0.549 0.682 0.333 0.388 0.475 0.651 0.816 0.784 0.694 0.306 0.282 0.302 0.216 0.247 0.329 0.471 0.514 0.624 0.796 0.776 0.737 0.659 0.725 0.729 0.635 0.357 0.435 0.518 0.686 0.710 0.839 0.859 0.353 0.486 0.580 0.361 0.490 0.584 0.349 0.475 0.569 0.306 0.290 0.255 0.784 0.361 0.494 0.584 0.345 0.471 0.561 0.341 0.471 0.545 0.302 0.302 0.235 0.792 0.349 0.478 0.553 0.369 0.498 0.573 0.325 0.451 0.541 0.365 0.349 0.306 0.549 
0.357 0.486 0.580 0.361 0.494 0.588 0.341 0.463 0.561 0.475 0.533 0.506 0.702 0.357 0.486 0.576 0.345 0.475 0.573 0.353 0.490 0.580 0.451 0.486 0.455 0.071 0.776 0.737 0.627 0.827 0.788 0.694 0.424 0.463 0.529 0.118 0.133 0.137 0.063 0.420 0.420 0.294 0.584 0.584 0.502 0.282 0.255 0.251 0.086 0.106 0.106 0.169 0.816 0.792 0.690 0.212 0.196 0.208 0.141 0.102 0.102 0.247 0.243 0.282 0.482 0.804 0.769 0.690 0.345 0.349 0.353 0.075 0.075 0.090 0.133 0.180 0.263 0.698 0.745 0.718 0.639 0.231 0.227 0.263 0.529 0.549 0.682 0.333 0.388 0.475 0.651 0.816 0.784 0.694 0.306 0.282 0.302 0.216 0.247 0.329 0.471 0.514 0.624 0.796 0.776 0.737 0.659 0.725 0.729 0.635 0.357 0.435 0.518 0.686 0.710 0.839 0.859 0.353 0.486 0.580 0.361 0.490 0.584 0.349 0.475 0.569 0.306 0.290 0.255 0.784 0.361 0.494 0.584 0.345 0.471 0.561 0.341 0.471 0.545 0.302 0.302 0.235 0.792 0.349 0.478 0.553 0.369 0.498 0.573 0.325 0.451 0.541 0.365 0.349 0.306 0.549 0.349 0.482 0.522 0.329 0.475 0.545 0.337 0.427 0.529 0.545 0.627 0.749 0.529 
0.357 0.486 0.576 0.345 0.475 0.573 0.353 0.490 0.580 0.451 0.486 0.455 0.071 0.776 0.737 0.627 0.827 0.788 0.694 0.424 0.463 0.529 0.118 0.133 0.137 0.063 0.420 0.420 0.294 0.584 0.584 0.502 0.282 0.255 0.251 0.086 0.106 0.106 0.169 0.816 0.792 0.690 0.212 0.196 0.208 0.141 0.102 0.102 0.247 0.243 0.282 0.482 0.804 0.769 0.690 0.345 0.349 0.353 0.075 0.075 0.090 0.133 0.180 0.263 0.698 0.745 0.718 0.639 0.231 0.227 0.263 0.529 0.549 0.682 0.333 0.388 0.475 0.651 0.816 0.784 0.694 0.306 0.282 0.302 0.216 0.247 0.329 0.471 0.514 0.624 0.796 0.776 0.737 0.659 0.725 0.729 0.635 0.357 0.435 0.518 0.686 0.710 0.839 0.859 0.353 0.486 0.580 0.361 0.490 0.584 0.349 0.475 0.569 0.306 0.290 0.255 0.784 0.361 0.494 0.584 0.345 0.471 0.561 0.341 0.471 0.545 0.302 0.302 0.235 0.792 0.349 0.478 0.553 0.369 0.498 0.573 0.325 0.451 0.541 0.365 0.349 0.306 0.549 0.349 0.482 0.522 0.329 0.475 0.545 0.337 0.427 0.529 0.545 0.627 0.749 0.529 0.984 0.969 0.843 0.718 0.788 0.867 0.776 0.808 0.898 0.710 0.753 0.878 0.706 
0.776 0.737 0.627 0.827 0.788 0.694 0.424 0.463 0.529 0.118 0.133 0.137 0.063 0.420 0.420 0.294 0.584 0.584 0.502 0.282 0.255 0.251 0.086 0.106 0.106 0.169 0.816 0.792 0.690 0.212 0.196 0.208 0.141 0.102 0.102 0.247 0.243 0.282 0.482 0.804 0.769 0.690 0.345 0.349 0.353 0.075 0.075 0.090 0.133 0.180 0.263 0.698 0.745 0.718 0.639 0.231 0.227 0.263 0.529 0.549 0.682 0.333 0.388 0.475 0.651 0.816 0.784 0.694 0.306 0.282 0.302 0.216 0.247 0.329 0.471 0.514 0.624 0.796 0.776 0.737 0.659 0.725 0.729 0.635 0.357 0.435 0.518 0.686 0.710 0.839 0.859 0.353 0.486 0.580 0.361 0.490 0.584 0.349 0.475 0.569 0.306 0.290 0.255 0.784 0.361 0.494 0.584 0.345 0.471 0.561 0.341 0.471 0.545 0.302 0.302 0.235 0.792 0.349 0.478 0.553 0.369 0.498 0.573 0.325 0.451 0.541 0.365 0.349 0.306 0.549 0.349 0.482 0.522 0.329 0.475 0.545 0.337 0.427 0.529 0.545 0.627 0.749 0.529 0.984 0.969 0.843 0.718 0.788 0.867 0.776 0.808 0.898 0.710 0.753 0.878 0.706 1.000 0.992 0.875 1.000 0.992 0.878 0.976 0.973 0.863 0.769 0.824 0.902 0.643 
Time Elapsed: 0
